[gd_scene load_steps=13 format=3 uid="uid://dibmxxgs24c6y"]

[ext_resource type="Script" path="res://main.gd" id="1_cb3ao"]
[ext_resource type="PackedScene" uid="uid://dwggalpxc4xky" path="res://player.tscn" id="1_nhwxy"]
[ext_resource type="PackedScene" uid="uid://cx6ebcswvuhgi" path="res://mob.tscn" id="2_fkq84"]
[ext_resource type="PackedScene" uid="uid://cqe0dblrikacy" path="res://poison_fog.tscn" id="4_3bgk7"]
[ext_resource type="PackedScene" uid="uid://2283cvk3na36" path="res://ShelfHall.tscn" id="6_a452a"]
[ext_resource type="PackedScene" uid="uid://dhkgf6tlsfb4k" path="res://pause_menu.tscn" id="7_1x8lt"]
[ext_resource type="PackedScene" uid="uid://bocgqul2ptwv2" path="res://goalpost.tscn" id="7_rukn8"]
[ext_resource type="PackedScene" uid="uid://0ro3ghwra1c7" path="res://dungeonMessHall.tscn" id="8_67ypg"]
[ext_resource type="PackedScene" uid="uid://h2u3i4n3ix2v" path="res://death_menu.tscn" id="8_dnycq"]
[ext_resource type="PackedScene" uid="uid://c37lb6aldwed3" path="res://cafeteria_area.tscn" id="10_ifudf"]

[sub_resource type="SphereShape3D" id="SphereShape3D_qgoqu"]

[sub_resource type="Environment" id="Environment_52xgh"]
ambient_light_sky_contribution = 0.0
ambient_light_energy = 0.0
glow_intensity = 1.45
fog_mode = 1
fog_density = 1.0
volumetric_fog_enabled = true
volumetric_fog_density = 0.0
volumetric_fog_albedo = Color(1, 0, 1, 1)
volumetric_fog_gi_inject = 0.0

[node name="Main" type="Node"]
script = ExtResource("1_cb3ao")
mob_scene = ExtResource("2_fkq84")

[node name="Mess Hall" parent="." instance=ExtResource("8_67ypg")]
transform = Transform3D(1, 0, 0, 0, 1, 0, 0, 0, 1, 59.384, 0, -20.9022)

[node name="PoisonFog2" parent="Mess Hall" instance=ExtResource("4_3bgk7")]
transform = Transform3D(26.532, 0, 0, 0, 6.2496, 0, 0, 0, 23, 2, 0.5, -3)

[node name="ShelfHall" parent="." instance=ExtResource("6_a452a")]
transform = Transform3D(3, 0, 0, 0, 3, 0, 0, 0, 3, 32, 0, -22)

[node name="PoisonFog2" parent="ShelfHall" instance=ExtResource("4_3bgk7")]
transform = Transform3D(8.3424, 0, 0, 0, 1.6, 0, 0, 0, 2.5, -11.8, 4, 0)

[node name="Player" parent="." instance=ExtResource("1_nhwxy")]
transform = Transform3D(-0.0012835, 0.0113297, 0.999935, -0.000239745, 0.999936, -0.01133, -0.999999, -0.000254229, -0.00128071, 78.8765, 4.81556, -31.6218)

[node name="CameraPivot" type="Marker3D" parent="Player"]
transform = Transform3D(1, 0, 0, 0, 0.707107, 0.707107, 0, -0.707107, 0.707107, 0, 0, 0)

[node name="SpringArm3D" type="SpringArm3D" parent="Player"]
transform = Transform3D(1, -0.000420072, 0.00030713, 0.000234496, 0.890617, 0.454755, -0.000464573, -0.454755, 0.890617, 0, 0, 0)
collision_mask = 5
shape = SubResource("SphereShape3D_qgoqu")
spring_length = 4.0
margin = 1.0

[node name="Camera3D" type="Camera3D" parent="Player/SpringArm3D"]
transform = Transform3D(1, 0.000353466, -0.00038194, -0.000420113, 0.981463, -0.191651, 0.000307118, 0.191651, 0.981463, -0.301748, -0.463839, 5.05708)
size = 19.0

[node name="Goalpost" parent="." instance=ExtResource("7_rukn8")]

[node name="DirectionalLight3D" type="DirectionalLight3D" parent="."]
transform = Transform3D(1, 0, 0, 0, -0.258819, 0.965926, 0, -0.965926, -0.258819, 0, 210.867, -62.5874)
visible = false

[node name="Settings" type="Node" parent="."]

[node name="WorldEnvironment" type="WorldEnvironment" parent="Settings"]
environment = SubResource("Environment_52xgh")

[node name="Menus" type="Node" parent="."]

[node name="Pause menu" parent="Menus" instance=ExtResource("7_1x8lt")]

[node name="DeathMenu" parent="Menus" instance=ExtResource("8_dnycq")]

[node name="CafeteriaArea" parent="." instance=ExtResource("10_ifudf")]
transform = Transform3D(-1.31134e-07, 0, -3, 0, 3, 0, 3, 0, -1.31134e-07, -84, 2, -51)

[node name="Area3D" parent="CafeteriaArea" instance=ExtResource("4_3bgk7")]
transform = Transform3D(16.1172, 0, 0, 0, 3, 0, 0, 0, 13.338, 0, -11, 0)
